7.725440409106878015e+00 6.623592103517453644e+00 5.942975012238505883e+00 5.753561530481725583e+00
7.940377519303319254e+00 6.831863884648892160e+00 6.127305883028629552e+00 5.926498723453920370e+00
8.105322945614039654e+00 6.993180027834914547e+00 6.271476965062564801e+00 6.066475928907265391e+00
8.243472333855025980e+00 7.124331710440499066e+00 6.389505578672678432e+00 6.180738151170959149e+00
8.358995885068999598e+00 7.237300696399708855e+00 6.495445047400027150e+00 6.285881980782328959e+00
8.459769310900231432e+00 7.333162134432259727e+00 6.585856058517527423e+00 6.377492441373902032e+00
8.549109460362174673e+00 7.419751662414867610e+00 6.667115911562659925e+00 6.461863408848010693e+00
8.628377840047846803e+00 7.497280529979293284e+00 6.740012848263705614e+00 6.531862714538409165e+00
8.704887265987578004e+00 7.569780494306367125e+00 6.806970524132979428e+00 6.593792161901881776e+00
8.770139536139879510e+00 7.633587661883620257e+00 6.867344114985704628e+00 6.649342217065521865e+00
